18
 0 28 18 12 21 25 14 22 16  6 11 11 19 15 25 17 27 27 
28  0 35 21 25  3 15 25 25 24 31 27 29 23  5 11 18  7 
18 35  0 13 13 32 20 14  9 23  7 29  8 11 36 26 23 30 
12 21 13  0  9 19  7  9  5 14 10 21  9  3 22 12 14 18 
21 25 13  9  0 23 14  1  5 24 14 30  5  6 28 19 10 19 
25  3 32 19 23  0 12 23 23 21 29 24 26 21  5  8 18  7 
14 15 20  7 14 12  0 14 11 13 16 19 15  9 15  5 14 13 
22 25 14  9  1 23 14  0  6 24 15 31  6  7 27 19  9 19 
16 25  9  5  5 23 11  6  0 19  9 25  4  2 27 17 14 21 
 6 24 23 14 24 21 13 24 19  0 16  6 23 17 21 13 27 25 
11 31  7 10 14 29 16 15  9 16  0 22 10 10 31 21 23 28 
11 27 29 21 30 24 19 31 25  6 22  0 29 24 23 18 33 29 
19 29  8  9  5 26 15  6  4 23 10 29  0  6 30 21 15 23 
15 23 11  3  6 21  9  7  2 17 10 24  6  0 24 15 13 19 
25  5 36 22 28  5 15 27 27 21 31 23 30 24  0 10 23 12 
17 11 26 12 19  8  5 19 17 13 21 18 21 15 10  0 17 11 
27 18 23 14 10 18 14  9 14 27 23 33 15 13 23 17  0 12 
27  7 30 18 19  7 13 19 21 25 28 29 23 19 12 11 12  0 

126
0 10 2 12 8 3 13 4 7 16 17 1 5 14 15 6 9 11 0
