22
 0 11  2 17 19  0 15  2  8  6  8  2  8 13  0  8 14  8  5  3 18  1
14  0 10  0  6 12  1 10  6  2 17 13 18 12 19  6 17 16 12  6  9  4
 2 18  0 14  1  6 10 15  7  3  8  6 17 19 10  9 11  6  8  9 11 12
 6  9  3  0  2  1 15 16  7  6  8  5  7 16  0 12 19 10 11 13 14  5
10  5 12 16  0  2 14  2 11 15 16  7  0 17 17  2  3  3 12  7 16 15
17  4  1  4  7  0 19 16 13  0  3 11 19  4 13  6 16  8  3 11 10 17
19  5  7 17 16  9  0 18  8  2 12  4  9 14 12 13 10 14 11  6  5  7
 9  8  8 14  4 17  9  0 18  9  7 18 13  8  1  2  1  5 11 12  3  0
13 17  2 15 15 15 13  4  0 11 18  8  1 16  7 13 17  7 13  2  6 13
 8 13  8  3 18  9 18 14 11  0  1  8  4  1 10  7 11 12 13  5  2  4
 6 13 12  3 14  2 14  8 17  6  0 11 14  3  4 12 18  4 19 13 10  3
 1 17 16  9 10 15 19  0  9 14  7  0  4  0  9  6 19  7 17 11  7 18
 2 14  1  6 16 17 18 18  7  0 18  6  0  6  0  3  1  5 10  4  9  4
 6 16 19 13  0  8  4 17  0 12 16  2 16  0 10 15 17  8  6  4 15  7
15  5  7 10  5 14  8  6 18  0 16  0 12 19  0 11  3  0  4 19  3  3
16 19  3  8  6  2 19  3  6 19 12  6  7 15 14  0 16 13 14  3  1 19
 5 19 13  8  2 10 12  5  1  3 14 17  7 10 15 17  0  8 16 16 15 11
 0 13 13 15 13  5  8  2  3 10  7  1 12  7 11 15 19  0 13  7 11 11
 5 12 18  7  4  9 19  8 15 16  7 17  4  0 16  8 18 18  0 16 17 11
19 16  9 19 17  6 17  4  1 16  7  9 16  5  9  9  3 19  7  0  1 17
 5  3 15 18 13 13  6 12  2 15  9  4  1  2 19 16  5  8 19  0  0 19
18 11  5  9  0 18 14  9 16  4 12  6  0 17 13 18 19 12  3 16 19  0

45
0 21 18 12 15 20 1 6 9 10 3 5 2 4 17 7 14 16 8 19 13 11
