          34
  2.0451200E-10  4.1983799E-12 -8.8398906E-13
  2.3148399E-09  1.2932900E-09  1.3160201E-09
  3.0299701E-09  1.6195101E-09  1.9681401E-09
  3.0627501E-09  1.6302000E-09  2.0181299E-09
  3.4648400E-09  1.7968600E-09  2.5372000E-09
  4.2916199E-09  8.0698098E-10  5.3981601E-09
  4.1339199E-09  1.3770500E-09  6.4504206E-09
  4.0926200E-09  1.4131301E-09  6.4785599E-09
  3.8285703E-09  6.4568700E-10  1.1752700E-09
  3.8770902E-09  7.7867401E-10  8.6887797E-10
  3.8889403E-09  4.0054202E-10  6.1548304E-09
  3.9181902E-09  3.8639902E-10  6.3685102E-09
  3.9225703E-09  1.0030600E-09  7.8705202E-09
  3.6716499E-09  1.3562600E-09  8.0359905E-09
  4.2597001E-09  1.3915000E-09  6.6364096E-09
  4.9189204E-09  1.2782900E-09  6.9277606E-09
  5.4342602E-09  8.0716694E-10  6.1944303E-09
          40
  6.2309297E-10  0.0000000E+00  0.0000000E+00
  8.7971297E-10  1.0759701E-10 -3.2702299E-11
  1.6066201E-09  3.9299400E-10 -4.9469601E-10
  1.6378500E-09  3.1412101E-10  1.2264399E-09
  1.6463200E-09  2.5421701E-10  1.4838900E-09
  1.7102502E-09  1.5333400E-10  1.7377899E-09
  1.7335501E-09  9.1717800E-11  1.8179002E-09
  1.7649900E-09  7.5548200E-11  1.8623200E-09
  1.3970700E-09  3.1622902E-10  3.2947700E-09
  1.3705200E-09  3.2469899E-10  3.3616701E-09
  1.2721900E-09  3.6492900E-10  4.3043498E-09
  1.2262600E-09  3.0439701E-10  4.0515000E-09
  9.4137198E-10  3.5258099E-10  3.4267102E-09
  7.4270401E-10  7.8896900E-10  3.3046299E-09
  6.8868600E-10 -2.9902100E-10  1.3827201E-11
  6.1200800E-10 -5.7866700E-10  1.8507799E-11
  1.1954501E-09  1.4186401E-09 -3.2451300E-10
  1.6598499E-09  4.8495002E-10 -4.8610704E-10
  2.4938400E-09  5.8180699E-10 -1.0748500E-09
  1.4334800E-09  6.7315897E-10  3.1754601E-09
          34
  1.3346500E-10  0.0000000E+00  0.0000000E+00
  7.0508399E-10 -9.0808701E-11 -2.9514800E-11
  1.4277900E-09 -8.4985395E-12 -1.5452600E-10
  2.8985501E-09 -1.2327900E-10 -3.1082500E-10
  2.9804899E-09 -1.3660501E-10 -3.9327000E-10
  2.9922500E-09 -1.3511500E-10 -4.2812601E-10
  3.2500900E-09 -7.3189003E-11 -3.6534800E-10
  2.8978902E-09  6.9751804E-10 -8.4117702E-10
  8.2800600E-10 -4.8890803E-10  1.3255599E-10
  1.1764301E-09 -3.5390500E-11 -3.9571099E-10
  3.3908700E-09 -1.3239700E-10 -5.1446701E-11
  3.8174002E-09 -8.1998699E-11  1.0073201E-10
  3.8988301E-09 -1.4442501E-11  1.2663200E-10
  4.0580299E-09  3.2535603E-11  1.8619301E-10
  4.2172901E-09 -4.1226699E-11  3.4588801E-10
  5.3634603E-09 -1.1852100E-09 -2.0169401E-10
  4.3801602E-09  4.6915305E-10  2.3466801E-10
          36
  1.8948100E-10  0.0000000E+00  0.0000000E+00
  2.1915001E-09 -5.9105006E-11  4.4141102E-10
  3.4463701E-09 -3.9236100E-10  6.0940197E-10
  5.3608398E-09 -1.4829700E-10  8.4220508E-10
  5.4934901E-09 -1.6917100E-10  8.6554203E-10
  5.6455600E-09  2.0040601E-10  1.2988599E-10
  5.6576099E-09  2.1957100E-10  1.1631700E-10
  5.7487601E-09  3.5585801E-10 -9.7207201E-11
  5.2220601E-09  8.9489005E-10  1.3158100E-09
 -3.1739600E-10 -8.3397803E-11 -3.4841399E-10
 -9.6762898E-10 -4.3158302E-10 -1.1144000E-09
  2.6159201E-09  8.2761004E-10  2.3640201E-10
  2.2715201E-09  1.2379501E-09 -4.7891102E-10
  5.5309504E-09 -1.7726200E-10  8.2594204E-10
  6.3339600E-09  7.4978002E-10  4.3396803E-10
  5.2844200E-09 -1.0992200E-09 -1.0688100E-10
  6.1081797E-09 -6.7974304E-10  2.5081900E-10
  3.6832901E-09 -1.3562500E-09  1.9501400E-09
          36
  2.0745002E-10  0.0000000E+00  0.0000000E+00
  5.6481703E-10  1.1603301E-11  1.3789200E-10
  1.2013800E-09  4.0939999E-10 -1.3428901E-10
  1.1773200E-09  6.1816202E-10 -2.6676900E-10
  1.2751701E-09  1.1717399E-09 -6.8214001E-10
  1.5338101E-09  1.8986601E-09 -9.4532704E-10
  1.6389401E-09  2.2986000E-09 -8.1866597E-10
  4.1687598E-10 -2.7179802E-11 -3.3002401E-10
  1.5647400E-09 -7.7752899E-10 -3.9441400E-10
  1.9363100E-09  3.5433700E-10 -2.6731500E-10
  2.0390800E-09  3.4430200E-10 -2.4234501E-10
  2.2521600E-09 -9.2594502E-11 -4.7120702E-10
  1.5001300E-09  2.5425400E-09 -6.9542200E-10
  1.4053501E-09  2.6528100E-09 -5.4693400E-10
  1.2790301E-09  2.5784002E-09 -1.8676401E-10
  1.0542600E-09  2.9932301E-09 -3.3252703E-11
  2.0265700E-09  9.2869698E-11 -2.5966901E-11
  2.4103501E-09  4.3986503E-10  2.2568600E-11
          38
  1.8180500E-09  0.0000000E+00  0.0000000E+00
  2.2381399E-09  2.7999100E-10 -1.0414400E-10
  2.3015401E-09  1.0734901E-09 -2.8992400E-10
  9.5096597E-10  2.0446900E-09  1.5125000E-09
  7.1944400E-10  2.2735100E-09  1.8207701E-09
  8.4696600E-10  2.5491000E-09  2.6303899E-09
  8.4041596E-10  2.5997899E-09  2.7269500E-09
  2.4507201E-09 -9.7893804E-10  3.6412201E-10
  3.3281700E-09 -1.4876900E-09  1.2636300E-09
  3.9915298E-09 -1.5543400E-09 -3.9854300E-10
  4.1596300E-09 -1.7020599E-09  1.2552800E-10
  4.3140802E-09 -2.1024400E-09  3.5275902E-10
  7.2518003E-10  2.6740101E-09  2.0763100E-09
  6.3063699E-10  2.7596601E-09  2.0780799E-09
  8.7061902E-10  2.6094300E-09  2.8535201E-09
 -1.0674599E-10  3.2957601E-09  4.6668100E-09
  2.5180100E-09 -1.2348700E-09  1.9280900E-10
  2.6100599E-09 -1.5816001E-09  4.0230300E-10
  1.4460301E-09  3.0469101E-09  2.2445299E-09
          30
  2.4808999E-09  4.9253601E-11  1.7881401E-10
  4.4533297E-09  5.2225102E-10  4.1107301E-10
  4.6390101E-09  6.1315697E-10  4.4755702E-10
  4.8949103E-09  7.3744999E-10  4.4131399E-10
  5.0883999E-09  1.6978100E-09  2.5283800E-10
  2.9952101E-09  1.8260100E-09  6.2631100E-10
  2.9085701E-09  1.8365299E-09  5.8535299E-10
  2.7576401E-09  2.3559201E-09 -1.2789300E-11
  2.4670501E-09  2.2524500E-09  1.5460401E-10
  4.8363100E-09  8.5471498E-11  3.2884701E-10
  5.4429403E-09  5.3398602E-10  1.1181200E-09
  5.1059299E-09  4.9446802E-10  9.0830404E-10
  5.7413501E-09 -3.4407402E-10  8.0909407E-10
  3.3962400E-09  1.3473500E-09  1.1404400E-09
  2.8257701E-09  1.7206000E-09  6.4656902E-10
          30
  2.2484601E-09  4.1688097E-09 -7.9762302E-10
  2.1542901E-09  4.3370201E-09 -6.6186001E-10
  1.7341600E-09  5.6939200E-09  4.1135503E-10
  2.1525801E-09  6.5931705E-09  2.4896901E-10
  2.1608102E-09  6.7735000E-09  3.0155001E-10
  2.1018201E-09  8.1423002E-09  7.8871898E-10
  2.0966602E-09  8.1472002E-09  7.6090501E-10
  4.1752102E-10  8.9258405E-09  3.2829499E-09
  3.9918499E-10  8.8046797E-09  3.9678301E-09
  2.3905200E-09  4.3300803E-09 -8.7403301E-10
  2.4342399E-09  6.5758399E-09  2.4958000E-10
  3.0655800E-09  5.4961604E-09  1.0190401E-09
  2.0336901E-09  8.6623002E-09  8.2302398E-10
  1.4241800E-09  1.0360400E-08  3.9204101E-10
  2.4915301E-09  5.8966703E-09 -1.0142200E-09
          36
  6.9861401E-11  0.0000000E+00  0.0000000E+00
  1.3551400E-10  3.7546797E-12  6.4818801E-12
  9.2995395E-10  7.0370898E-10 -4.0965001E-10
  1.0446201E-09  6.3930100E-10 -7.8764201E-10
 -1.7051600E-09  1.5857300E-09  3.4577702E-10
 -1.0198700E-09  2.0582600E-09  1.8492201E-10
  2.1754401E-10 -5.1210803E-11  7.6659797E-11
  3.3881101E-10 -2.3085001E-10  1.7139401E-10
  7.4525602E-10 -5.5447202E-10  8.4762697E-10
  1.1181200E-09 -8.3164903E-10  1.9366000E-09
  1.0654400E-09 -7.8288104E-10  2.1125901E-09
  1.1124300E-09  9.7792996E-10 -5.8441502E-10
  1.3628900E-09  9.4332397E-10 -8.8968499E-10
  1.7786600E-09  4.2425999E-10 -1.5593800E-09
  2.9014300E-09 -4.1359202E-10 -6.1977101E-10
  1.2972701E-10 -7.7507500E-10 -1.4999200E-10
  1.4008900E-09 -1.1576000E-09  2.0528299E-09
  2.0255599E-09 -1.2371401E-09  1.3633300E-09
          30
  9.6017305E-10  0.0000000E+00  0.0000000E+00
  1.7454500E-09 -3.1861899E-10  6.7071999E-12
  2.7169000E-09 -6.7539901E-10  1.0855700E-10
  3.0389100E-09 -8.6883900E-10  1.9338500E-10
  3.1432199E-09 -1.0062701E-09  2.8570901E-10
  3.5187100E-09 -1.0531200E-09  3.3420999E-10
  4.1874602E-09 -1.3068100E-09  2.3743402E-10
  4.1630601E-09 -1.2624201E-09  1.9453000E-10
  1.0573100E-09  1.7727600E-10 -5.0168403E-10
  1.0593100E-09  9.0284703E-11 -5.7251504E-10
  2.9245599E-09 -1.0092901E-09  4.8853305E-10
  3.1336600E-09 -1.0426401E-09  3.0828401E-10
  3.6005001E-09 -1.0600401E-09  6.6503003E-10
  3.0420300E-09 -1.1213400E-09  3.1827199E-10
  1.9137101E-09 -5.5476401E-10 -1.7577900E-10
